$ANSIBLE_VAULT;1.1;AES256
38363561306632393738633461326537303030626436666131633962396437303630353935363163
3634616231343733653837386638393832366564346532610a383933376539636130336663383235
38363337346139356537666632666462346662386566623037383962306238306332326137663664
6564343766386232380a616365376633336363623433663439353739376662646231396230373564
65313566643964323730663264653930313965323461333436306234613762636234636434653064
32343461366664313634623239313265633064323939366137666631363034633734653563613032
66343064393436326139396566343266616662363938373633306632333936303265396564393732
34393230316661656666303063663131643936383266363334646534353666336565643936343938
35353162323665613737343635383338343962333837653435353133386133643238383030323963
31643034376137383539663365396462396439643231363530313135336332336336643138323662
64313563316161613539336634346136643066333330623961383931623439396539616233626435
31336465353964346264363230373230343065343362663737656133656138303131333237313638
33643133633034623637623637353436616361373163303962656162306364323062393339363565
31633334376333636361643437623733373232376634343536333165303561646366633864316336
64383930666463336530613439313332643163316235653462333430616639316133653264626338
38386632393035616433313863633631373931626264333165383731346634636133323164633061
62626632323365646332376364313466333436353835393435343831313937353837653432626333
3934373236336636306432353338393530303063626630613263
